3637776049792767
0115991050656623
7202572993588696
8251298584400271
1917605761688617
3002568817662219
0017387189414510
3210124864726467
4644784899042897
7701833196273681
7257436426522629
6114469942701306
4096931125780979
2181126282394616
4886301657596419
8946538356518904
0317965484068591
0378758909062940
4424606727916649
8396890653733046
0526431038586614
6259658294445123
4504148117738028
6362318773508852
1672520776525073
4355185443806019
4997883931781391
5827497619665593
5663632768776765
7166980621672940
1871847396623979
4889317966582989
8420309640915167
9784963998996503
1409983928370090
4028880729570413
1825712105046004
8235234951274594
3825635885408658
0493909776346579
0790059633679743
5499066003847042
4836021125128510
3190663416971363
9184761217622939
3246470553883262
9906853490588443
8086998496422879
9767691540340008
9860264391322934
9510562501873262
1972073175513024
1534932240520208
4628139496035095
4345622261780047
4993010933506532
6730458881862972
0691053142539345
7407448460237489
0953528805669030
7050640800314245
5163523903143709
3242544549551015
7283491329204774
7053153017079575
9173856822756202
1991284660338962
4714337813397410
3140409945562474
5903888151697646
6486327431286347
2228992640679707
7156148005592787
7202543327889541
5485957980302570
0263565126136750
5043806030559335
0280002665245242
1823280425751279
3265533163330230
0061513903480992
4085063818947188
8766446838883022
2803727117420040
4359118861340666
0394568635636774
0571363403491675
4272521512714047
8692405708578198
4757453309487986
6505234131425060
7833149872893408
2995867718935039
6008054780429220
1816325633692342
3804511475208675
2298537500973753
7822506228699764
9612941926323067
5818375232243382
4309748610093721
2475645488301338
6593827347610450
4588974018179442
3019311803711099